glu15 = 0.7878208917955549*fglu + 0.19819311954124513*glu60 + 2.216093871425983
glu30 = -0.2652908007960927*fglu + 0.3460157128940377*glu60 + 0.8462833871948037*glu15 + 2.216093871425983
glu90 = 0.3243663934602555*fglu + 0.694987833702152*glu60 + -0.061339844676168064*glu15 + 0.24849242576883535*glu30 + 18.34542801845413
glu120 = 0.3163569859315594*fglu + 0.09035773229252028*glu60 + 0.088000495600143*glu15 + -0.15160091831348524*glu30 + 0.8260154855817337*glu90 +0.2414381329126627
