glu15 = 0.9050413488750159*fglu + 0.10075950621675965*glu120 + 10.651305219884534
glu30 = -0.22796150206054722*fglu + 0.14550729142967073*glu120 + 1.049087890467774*glu15 + 10.651305219884534
glu60 = 0.28940700193113067*fglu + 0.2944086357457827*glu120 + -0.13230927011182184*glu15 + 0.700436773613045*glu30 + 16.80949410307528
glu90 = 0.10645437979593401*fglu + 0.3729526727751271*glu120 + -0.0752632249041273*glu15 + 0.2284806530514511*glu30 + 0.4471874691890083*glu60 +12.603804552611052
